0 0.495266 0.605325 0.249310 0.140828
0 0.357199 0.050888 0.206706 0.087574
0 0.812426 0.056213 0.302959 0.105325
0 0.857298 0.362130 0.285404 0.231953
0 0.544181 0.190533 0.123077 0.120710
0 0.279093 0.360947 0.186193 0.144379
0 0.460552 0.311834 0.164103 0.140828
0 0.094477 0.643195 0.173570 0.173964
0 0.800592 0.591716 0.105720 0.104142
0 0.715385 0.183432 0.108876 0.125444
0 0.914201 0.634320 0.127811 0.075740
0 0.939349 0.546154 0.121302 0.084024
0 0.805325 0.906509 0.137278 0.106509
0 0.493688 0.944379 0.142012 0.078107
0 0.633333 0.938462 0.115187 0.115976
0 0.476331 0.759172 0.252465 0.166864
0 0.091321 0.901775 0.154635 0.196450
0 0.382446 0.169231 0.099408 0.127811