0 0.381953 0.072189 0.150888 0.142012
0 0.353550 0.223669 0.186391 0.127811
0 0.540828 0.358580 0.150888 0.132544
0 0.643343 0.331361 0.094970 0.156213
0 0.493343 0.222485 0.066568 0.068639
0 0.189793 0.137870 0.041716 0.069822
0 0.188462 0.037870 0.088757 0.068639
0 0.092160 0.120118 0.080769 0.128994
0 0.101479 0.413609 0.188166 0.337278
0 0.303846 0.466864 0.188166 0.233136
0 0.571006 0.653254 0.154438 0.196450
0 0.317160 0.636095 0.115385 0.093491
0 0.400592 0.345562 0.102959 0.092308
0 0.463609 0.473373 0.131361 0.132544