0 0.731213 0.113018 0.371893 0.221302
0 0.284763 0.086391 0.247633 0.172781
0 0.223521 0.459172 0.174852 0.250888
0 0.482692 0.342604 0.125148 0.204734
0 0.674408 0.332544 0.213905 0.298225
0 0.843935 0.300000 0.139349 0.164497
0 0.849260 0.469231 0.247633 0.204734
0 0.492012 0.579882 0.157988 0.241420
0 0.308728 0.608284 0.164201 0.284024
0 0.719675 0.720118 0.274260 0.323077
0 0.870118 0.612426 0.136686 0.102959
0 0.535503 0.843195 0.232544 0.235503
0 0.319822 0.902367 0.200592 0.171598
0 0.077811 0.769822 0.155621 0.162130
0 0.034467 0.592899 0.066568 0.279290