0 0.283432 0.762722 0.115385 0.069822
0 0.196450 0.825444 0.053254 0.076923
0 0.358876 0.689941 0.088757 0.106509
0 0.494231 0.696450 0.091420 0.136095
0 0.572337 0.752071 0.048817 0.091124
0 0.628698 0.790533 0.049704 0.092308
0 0.717899 0.742604 0.103846 0.159763
0 0.512426 0.946746 0.081657 0.106508
1 0.433876 0.266864 0.078994 0.133728
1 0.334467 0.194083 0.103846 0.073373
1 0.338905 0.094675 0.187278 0.160947
1 0.443639 0.101183 0.055917 0.088757
1 0.423669 0.022485 0.051479 0.044970
1 0.525296 0.085207 0.093195 0.139645