1 0.165441 0.877757 0.241013 0.244485
1 0.303922 0.518382 0.145425 0.143382
1 0.751225 0.913909 0.136438 0.172181
1 0.312908 0.284926 0.065359 0.078431
1 0.479984 0.341912 0.108660 0.175245
1 0.490605 0.606618 0.085784 0.150735
1 0.597631 0.547181 0.113562 0.262255
1 0.721405 0.576593 0.070261 0.144608
1 0.707108 0.358456 0.141340 0.284314
1 0.860294 0.587623 0.047386 0.088235
1 0.365605 0.136642 0.074346 0.115196
1 0.431781 0.052083 0.071078 0.075980
1 0.605801 0.150735 0.097222 0.138480
1 0.626634 0.065564 0.117647 0.112745
1 0.495507 0.157475 0.071078 0.080882