0 0.063314 0.340237 0.092308 0.237870
0 0.152959 0.271598 0.055030 0.107692
0 0.049408 0.150888 0.098816 0.105325
1 0.281213 0.396450 0.194379 0.234320
1 0.420118 0.092308 0.218343 0.137278
1 0.533284 0.346154 0.187278 0.289941
1 0.641568 0.602367 0.110947 0.265089
1 0.796006 0.525444 0.103846 0.179882
1 0.551036 0.799408 0.141124 0.136095
1 0.471598 0.598225 0.202367 0.230769
1 0.427219 0.695266 0.092308 0.131361
1 0.436095 0.793491 0.071006 0.107692
1 0.303846 0.730178 0.115385 0.144379
1 0.886243 0.691124 0.227514 0.617751
1 0.698373 0.139053 0.244083 0.278106