1 0.423611 0.097120 0.100490 0.194240
1 0.565768 0.089461 0.154412 0.116422
1 0.662582 0.157475 0.106209 0.127451
1 0.707516 0.057598 0.102941 0.113971
1 0.750408 0.226716 0.133170 0.204657
1 0.820670 0.106005 0.087418 0.098039
1 0.835784 0.234069 0.076797 0.199755
1 0.901144 0.210172 0.093137 0.188725
1 0.479167 0.316789 0.118464 0.183824
1 0.423611 0.419118 0.108660 0.116422
1 0.429330 0.556985 0.165850 0.210784
1 0.407680 0.770221 0.143791 0.294118
1 0.572304 0.665441 0.157680 0.354167
1 0.521650 0.885417 0.103758 0.227941
1 0.610703 0.932904 0.100490 0.134191
1 0.704657 0.898284 0.120098 0.189951
1 0.671977 0.606005 0.061275 0.068627
1 0.737745 0.726103 0.117647 0.205882
1 0.593137 0.342525 0.223856 0.433824
1 0.734886 0.337010 0.129902 0.170343
1 0.831291 0.457721 0.113562 0.205882
1 0.915033 0.446078 0.112745 0.253676
1 0.778595 0.547794 0.145425 0.248775