1 0.301183 0.892899 0.175740 0.195266
1 0.468491 0.889941 0.100296 0.151479
1 0.054290 0.940237 0.108580 0.102959
1 0.057544 0.157396 0.109172 0.132544
1 0.154290 0.118935 0.096746 0.145562
1 0.294083 0.126627 0.078107 0.106509
1 0.403254 0.074556 0.124260 0.149112
1 0.507101 0.039053 0.058580 0.071006
1 0.517308 0.117751 0.025740 0.053254
1 0.604290 0.086391 0.098521 0.165680
1 0.547929 0.272781 0.071006 0.181065
1 0.772633 0.468047 0.454734 0.796450
1 0.773817 0.949704 0.281361 0.100592
1 0.779142 0.084024 0.249408 0.168047