1 0.905178 0.117751 0.144675 0.093491
1 0.744083 0.708876 0.195266 0.170414
1 0.128550 0.840237 0.254734 0.229586
1 0.124112 0.184615 0.185503 0.118343
1 0.788462 0.439053 0.067456 0.144379
0 0.553698 0.755030 0.151775 0.139645
0 0.381065 0.858580 0.175740 0.252071
0 0.571893 0.885207 0.127811 0.082840
0 0.554142 0.977515 0.122485 0.042604
0 0.701479 0.924852 0.113609 0.140828
0 0.160059 0.339053 0.186391 0.136095
0 0.399260 0.376331 0.114497 0.149112
0 0.488462 0.267456 0.060355 0.073373
0 0.572781 0.252663 0.078107 0.086391
0 0.462722 0.152663 0.095858 0.101775
0 0.362870 0.215976 0.084320 0.069822
0 0.303846 0.322485 0.060355 0.057988
0 0.076183 0.533728 0.130473 0.082840
0 0.185799 0.618935 0.147337 0.113609
0 0.483136 0.593491 0.099408 0.079290
0 0.358432 0.605917 0.059467 0.056805
0 0.044231 0.068047 0.084320 0.086391