0 0.039645 0.329586 0.079290 0.081657
0 0.122337 0.432544 0.125148 0.119527
0 0.224408 0.493491 0.144675 0.113609
0 0.191124 0.380473 0.072781 0.069822
0 0.144083 0.631361 0.101183 0.095858
0 0.028550 0.532544 0.057100 0.073373
0 0.070414 0.485799 0.088757 0.062722
0 0.238166 0.857988 0.163314 0.134911
0 0.260355 0.693491 0.072781 0.075740
0 0.060059 0.884615 0.120118 0.157396
0 0.510207 0.953254 0.137574 0.076923
0 0.371746 0.740828 0.077219 0.078107
0 0.357101 0.861538 0.081657 0.061538
0 0.378402 0.950888 0.095858 0.098224
0 0.447633 0.865680 0.074556 0.062722
1 0.218195 0.110059 0.169527 0.205917
1 0.458728 0.246154 0.109172 0.139645
1 0.294527 0.347337 0.048817 0.062722
1 0.330917 0.414793 0.084320 0.095858
1 0.235059 0.331361 0.077219 0.085207
1 0.374852 0.500000 0.063905 0.114793
1 0.439645 0.408876 0.081657 0.138462
1 0.579882 0.423077 0.101183 0.133728
1 0.668639 0.351479 0.076331 0.082840
1 0.670858 0.563314 0.086095 0.078107
1 0.570562 0.709467 0.267160 0.133728
1 0.441864 0.112426 0.050592 0.068639
1 0.550592 0.186982 0.076331 0.118343
1 0.580325 0.300000 0.068343 0.065089