1 0.092012 0.129586 0.184024 0.259172
1 0.322485 0.228994 0.216568 0.244970
1 0.599408 0.164497 0.204142 0.291124
1 0.455621 0.315976 0.106509 0.097041
1 0.358876 0.489941 0.223669 0.253254
1 0.502219 0.491716 0.055917 0.110059
1 0.574112 0.456805 0.087870 0.153846
1 0.668639 0.362722 0.133136 0.169231
1 0.657101 0.572189 0.138462 0.133728
1 0.967012 0.223669 0.065976 0.115976
1 0.793787 0.900000 0.189941 0.200000
1 0.373077 0.918343 0.250296 0.163314
1 0.098225 0.453846 0.196450 0.271006
0 0.462722 0.193491 0.060355 0.100592