1 0.096450 0.823669 0.192899 0.267456
1 0.706805 0.815385 0.117160 0.201183
1 0.869231 0.913609 0.259172 0.172781
1 0.946154 0.732544 0.107692 0.231953
1 0.076479 0.203550 0.152958 0.407100
1 0.137426 0.037870 0.130473 0.075740
1 0.241716 0.357988 0.149112 0.235503
1 0.187574 0.150296 0.097633 0.120710
1 0.114645 0.462130 0.229290 0.114793
1 0.395710 0.125444 0.320414 0.250888
1 0.666864 0.039053 0.220118 0.078106
1 0.596746 0.182840 0.161538 0.242604
1 0.458284 0.377515 0.211243 0.146746
1 0.400592 0.249112 0.165089 0.081657
1 0.979438 0.460355 0.041124 0.089941