0 0.531065 0.379290 0.056805 0.095858
0 0.495562 0.524852 0.040828 0.074556
0 0.417899 0.715976 0.063018 0.066272
0 0.600296 0.841420 0.051479 0.106509
0 0.662426 0.947929 0.058580 0.047337
0 0.824408 0.307692 0.054142 0.094675
0 0.569231 0.178107 0.099408 0.062722
0 0.449852 0.072189 0.055917 0.037870
0 0.239941 0.053846 0.145562 0.102959
0 0.611834 0.071598 0.106509 0.143195
0 0.881213 0.162722 0.148225 0.204734
0 0.800000 0.424852 0.150888 0.094675
0 0.077367 0.517751 0.154734 0.223669
1 0.298521 0.611834 0.259172 0.336095
1 0.132544 0.846746 0.255621 0.301775
0 0.359763 0.507692 0.136686 0.099408
1 0.804438 0.411243 0.069231 0.046154
1 0.714349 0.161538 0.144675 0.155030